867.9
1640.1
823.9
1639.7
1634.9
821.1
824.2
818.2
825.8
-814.3
1641.5
-821.5
-818.0
-817.4
815.2
-823.9
822.9
822.2
1633.0
817.0
1640.2
1636.0
-822.2
-814.7
1635.7
1636.4
820.4
820.2
1644.1
1634.4
816.8
825.7
1632.7
823.3
813.8
1637.5
821.3
814.4
-815.4
-814.1
1644.4
-817.6
-821.7
1643.2
-815.8
-826.0
-819.6
-821.4
-818.2
1637.5
-818.3
-822.0
822.8
1635.9
1635.4
817.4
815.8
-816.3
-815.7
-816.7
825.6
816.0
-815.9
-822.7
818.3
-821.2
1632.6
1642.8
-818.5
1637.6
1640.9
1643.4
-815.8
815.4
1641.4
-821.9
823.0
1641.0
1644.2
-818.0
813.2
813.5
1640.7
821.5
-817.4
819.4
1634.3
1640.6
-823.3
1643.8
1644.4
1632.0
1633.8
816.0
818.3
814.2
-813.5
1640.4
1640.3
1635.4
1635.1
818.2
822.3
-817.3
824.8
-821.9
-824.3
-825.4
822.2
822.2
815.7
1636.6
820.6
-814.4
-818.8
815.1
821.9
-817.6
-822.7
1642.6
1644.5
-817.2
-818.2
-825.5
1634.2
-816.7
1641.0
1637.0
-824.2
-825.1
1640.6
-824.7
815.6
-814.3
1639.9
821.3
-823.9
813.9
814.6
-823.0
1644.5
-814.9
1640.1
-820.9
1644.5
813.8
-824.1
1639.8
1638.2
1635.3
821.5
-824.7
1639.8
1635.6
-813.3
-819.9
821.5
1643.1
1635.1
1637.7
1633.5
824.5
816.6
822.6
1638.1
823.4
821.0
-813.4
-825.0
-822.2
814.9
813.8
-817.7
-819.4
816.5
1641.7
824.6
-815.9
814.4
-824.6
-817.1
815.5
825.1
1634.9
-819.0
822.0
1636.8
824.2
1632.6
1633.4
821.7
825.3
818.2
818.3
-819.1
-818.3
813.1
-813.9
1636.3
1642.9
814.1
-1638.1
-1635.7
-1644.0
-1643.1
1643.3
-1641.8
-1638.3
1640.8
817.0
-1641.0
1632.0
821.3
1638.4
1632.9
-1639.9
1643.1
815.6
823.7
-1637.5
1632.0
1642.9
821.1
814.9
824.6
-1634.6
824.1
820.0
-1637.6
-1635.2
-1642.4
-1644.2
1643.2
1636.5
-1643.9
820.9
1642.4
824.8
1632.4
1643.6
816.3
824.6
1642.8
-1634.5
1640.2
1642.2
-1638.5
813.6
-1633.7
1644.2
-1633.1
820.6
1632.2
-1641.2
1633.4
-1643.0
823.2
821.3
817.2
820.0
1636.4
-1643.8
815.6
824.6
1638.0
-1643.0
822.7
-1632.9
-1633.1
1638.6
1636.2
1640.9
1642.6
1636.4
1636.4
-1635.0
1643.5
819.1
-1638.4
824.3
814.7
1642.8
1638.5
-1643.7
1632.7
-1643.8
815.8
-1638.4
1636.1
-1643.7
818.1
-1641.9
1643.2
1634.4
-1643.9
-1633.6
-1643.3
815.5
-1633.7
821.5
1636.9
-1640.3
813.3
-1636.0
1642.4
1633.8
-1643.1
-1633.8
816.7
819.7
-1639.2
1642.2
-1641.2
-1641.1
819.1
1637.2
1635.6
1635.6
816.4
-1638.4
-1640.5
1641.5
1635.6
821.1
817.7
-1640.7
818.4
1642.6
816.7
1641.9
1634.6
820.4
821.7
-1583.9
-1638.2
-1641.4
-1633.1
820.8
-1638.9
-1639.9
1642.6
1639.3
818.3
1640.1
1636.2
822.2
1641.5
-1637.4
-1633.1
1635.5
-1639.9
824.6
-1643.2
821.4
-1642.4
824.8
1636.6
822.9
815.4
-1640.0
823.5
1643.3
-1643.6
1632.6
815.7
815.6
-1635.3
-1636.0
-1641.4
-1643.8
819.5
1636.8
1634.8
-1640.8
1638.0
1640.7
1636.1
1642.4
-1638.8
813.5
-1638.2
815.5
-1636.3
1641.8
1642.6
-1644.2
-1635.8
-1638.7
1636.4
815.8
813.2
-1633.3
817.5
815.6
-1637.2
-1639.7
1643.7
-1637.2
-1632.3
-1640.3
1638.1
1637.9
-1633.8
1637.5
-816.9
-1640.0
-823.4
1636.0
1640.9
1637.8
-1641.8
-824.0
1642.2
-1635.3
1638.8
-1635.5
1643.8
-1644.1
-825.5
1640.8
-1634.2
-1633.0
1643.0
1635.3
-1638.8
-817.7
-815.4
-1642.0
1635.4
-1633.8
-1633.4
1633.9
-821.1
1637.9
-1635.8
-815.5
1634.2
-824.7
-1644.8
1637.8
1636.9
-824.6
-820.2
1636.0
1634.5
-817.4
1636.3
-822.2
-816.9
1635.4
-818.8
1637.5
-820.5
1633.2
-1634.4
-816.6
-1634.1
-1632.6
1639.0
-1635.7
-1632.4
-815.2
-1633.1
-824.8
1642.0
1643.0
-813.6
1640.1
1635.3
-1644.4
-819.4
-818.9
1632.5
-1639.4
-1644.7
-813.9
1635.2
1641.3
-1633.8
1642.6
-1640.7
-822.4
-1635.7
1644.3
-825.7
-822.4
1641.4
-819.3
-1637.6
-820.0
1640.6
-1640.2
-1635.4
-820.9
-1636.1
-1640.2
1639.9
-1637.9
-1637.6
-822.1
-818.2
-1632.7
-1635.4
-822.1
-1632.5
-1644.7
-1642.0
1638.8
-1635.3
1643.4
1637.8
1640.7
1634.0
1639.2
-816.2
-821.6
1634.7
-1635.6
-1642.9
-1643.3
-816.1
-820.6
1642.4
-815.1
-817.4
-1637.2
1641.5
-817.5
-815.3
-1641.9
-1635.1
1636.3
1632.1
-823.3
-819.6
-822.0
1633.8
-1634.1
-1639.7
-820.8
1635.8
1640.0
1635.3
-822.8
-822.0
-1633.5
-814.7
1638.9
1636.4
-813.6
-1636.1
1638.2
1636.4
1644.1
1637.9
1632.6
1638.2
-1644.5
1643.7
-823.3
-823.8
-813.3
1636.2
-817.1
-1633.1
1636.9
-1638.4
-1638.6
1641.2
1639.6
1635.0
1641.5
1633.7
1634.8
1641.2
-1644.1
1642.0
-1641.9
-820.0
-818.6
1640.7
-1637.2
-823.5
1634.6
1641.1
1641.6
-1643.2
-1635.2
-1636.3
-822.3
-813.7
-817.1
-1634.5
-815.2
1638.9
1633.9
-1632.5
-815.0
-813.8
-1644.2
824.5
-818.8
821.4
-819.4
-1643.4
817.2
819.9
-1638.8
822.7
-825.3
-1633.0
-1642.5
-813.8
823.2
-1640.7
-1638.4
822.4
-1632.2
-1633.8
-1644.1
-822.7
-1632.5
-813.3
-824.8
-1639.6
815.3
-1636.2
-818.7
-1637.7
824.5
-1638.1
820.0
819.4
-1639.5
-1634.5
822.9
818.7
-1636.0
813.4
-816.7
-823.7
-1642.2
-1642.2
-1633.0
-824.1
822.2
-815.9
815.8
-1642.5
821.5
824.9
-821.2
-1632.5
821.2
-1637.9
818.5
-816.5
-818.4
-1639.4
-1637.1
813.6
823.1
816.4
-1637.2
-824.2
-1636.1
867.7
-1633.1
-1642.8
824.5
821.9
-1642.9
-1634.6
-1634.7
-1635.9
815.1
822.1
-821.4
-820.4
816.0
-824.2
-1642.7
822.6
819.4
-1637.2
-822.4
814.5
-816.1
-1632.5
-1637.9
-1639.6
-1643.0
813.4
823.5
825.4
814.3
-819.2
-1632.4
-1643.5
-1636.2
-1640.4
824.9
-819.4
-814.8
-1633.3
-1636.7
-1643.8
-1638.4
-820.2
-1634.6
823.4
-1634.4
-1644.2
-1644.2
-1640.0
823.9
-825.9
817.5
-1641.3
-817.5
-820.8
-1638.7
-1643.8
-825.6
-1635.2
818.2
-823.5
819.4
-1637.9
-818.7
-818.6
-825.7
819.5
823.2
-820.8
-1639.1
-814.7
-818.3
-1642.6
-1632.9
-1633.5
813.9
-816.8
-816.3
-1637.6
-1640.5
-1643.6
824.6
824.6
-1642.1
-813.8
813.1
-1635.2
-1632.9
824.0
816.3
-1643.4
818.8
-815.3
-813.3
822.4
815.1
825.5
-817.6
-824.2
-1641.9
814.7
-823.9
816.2
-1636.7
-814.7
-1642.2
-1638.0
817.9
821.7
-824.1
-1634.1
817.2
824.1
821.1
-818.3
824.0
-1644.2
-817.9
-1638.9
-1634.6
-1633.5
-1634.7
814.7
-1639.4
-1637.4
-818.0
815.7
-1636.2
816.2
816.3
-1638.4
823.8
816.1
-823.2
820.7
816.1
813.1
-821.5
820.0
822.7
-821.6
-823.7
-820.6
-815.7
813.8
815.4
1637.8
1643.5
813.9
823.0
-817.8
1643.7
1638.0
-822.2
813.2
1632.9
1641.7
1638.4
-822.4
817.0
-817.5
-814.2
1639.5
1636.6
-824.8
820.4
1634.9
823.8
1636.9
1632.3
-819.8
1635.7
-813.3
-815.5
1638.2
1643.3
814.1
1634.5
1633.0
825.5
822.5
-813.6
821.6
816.7
-816.1
813.5
820.6
1642.4
825.1
-821.1
820.6
-826.0
1638.3
-815.6
-822.2
825.4
-825.3
-819.0
-821.0
1644.1
-824.4
-820.1
-816.4
-822.6
815.0
-816.1
824.4
1632.8
1637.0
1638.7
1643.9
1635.5
-820.8
1644.5
816.2
-821.8
822.2
-823.5
-825.1
816.8
1635.8
1633.1
821.6
1635.7
822.3
813.3
-813.5
823.1
1634.2
823.5
815.2
-821.4
813.6
820.7
817.1
821.5
824.2
823.2
1638.5
818.0
824.2
1634.8
817.1
1636.6
1641.0
-818.6
-817.5
814.9
-822.3
824.0
1642.1
-816.1
814.3
1642.7
1641.9
-822.5
1633.3
-818.4
817.6
1632.6
-818.9
1632.3
818.5
1635.3
1633.9
-813.3
816.7
813.5
1638.0
1637.8
823.1
813.7
814.3
820.3
1638.9
-814.1
818.8
816.5
-823.4
821.6
822.8
1632.6
823.2
-813.6
813.9
813.8
815.2
-815.8
1633.3
-816.5
1636.3
817.2
-817.2
1633.1
-824.0
-817.1
-819.2
-824.6
-822.8
-823.4
1632.9
821.8
1640.1
-815.4
-816.3
819.4
813.1
-816.8
-823.3
-825.3
-818.9
1638.6
1640.9
1642.7
816.8
-813.6
818.3
820.2
821.9
-819.8
1637.1
-813.3
-817.5
1638.6
-819.5
1634.4
1634.8
-816.1
814.5
815.6
-813.3
-816.6
-823.2
1690.9
